'Contig634'=='-503384' (1 7941 321 7620) 19
'Contig634'=='-503384' (374 7576 540 7410) 5
'Contig634'=='-503384' (579 7384 783 7180) 23
'Contig1853'=='+503384' (1691 6406 1905 6620) 11
'Contig1853'=='+503384' (1933 6630 2201 6897) 31
'Contig1853'=='+503384' (2277 6963 2312 6998) 0
'Contig3700'=='-503384' (4083 9434 4794 8723) 79
'Contig3700'=='-503384' (2161 11335 2753 10744) 53
'Contig3700'=='-503384' (3198 10310 3753 9759) 47
'Contig3700'=='-503384' (2839 10666 3169 10338) 32
'Contig3700'=='-503384' (5241 8482 5355 8368) 4
'Contig3700'=='-503384' (3622 9890 3753 9759) 9
'Contig3997'=='-503384' (1546 1704 1968 1282) 22
'Contig3997'=='-503384' (2060 1205 2498 767) 28
'Contig3997'=='-503384' (2560 723 2931 351) 22
'Contig3997'=='-503384' (3052 233 3284 4) 20
'Contig3997'=='-503384' (1315 1942 1502 1755) 10
'Contig3997'=='-503384' (1033 2215 1279 1969) 30
'Contig3997'=='-503384' (865 2374 960 2279) 6
'Contig3997'=='-503384' (1 3329 165 3164) 26
'Contig3997'=='-503384' (198 3116 273 3041) 6
