ms 6 3
1 1 1

//
segsites: 7
positions: 79.1001 80.1001 81.101 82.101 83.10001 84.801 85
1111111
5555555
4444444
4444444
5555555
4444444
//
segsites: 7
positions: 79.1001 80.1001 81.101 82.101 83.10001 84.801 85
5555555
5555555
5555555
1010101
1111111
1515151
//
segsites: 7
positions: 79.1001 80.1001 81.101 82.101 83.10001 84.801 85
1414141
1414141
1515151
1414141
1515151
1515151
//
segsites: 7
positions: 79.1001 80.1001 81.101 82.101 83.10001 84.801 85
1515151
5050505
5151515
5555555
5454545
5454545
//
segsites: 7
positions: 79.1001 80.1001 81.101 82.101 83.10001 84.801 85
5555555
